# Fix print output for fix data1
0 3999.999999999996362 108412.6440007971687 109352.4013169300888 108417.90508688181581 108727.65013486954558 -49001.946513728857099 33168.984596999987843 3.5036090872684608755 -52016.810135708852613 3014.8636219799973333 32.129999999999995453 32.129999999999995453 32.129999999999995453 90 90 90
# Fix print output for fix data1
0 4000 -2980.9510895193607212 -3095.625101373108464 -3449.1916243012910854 -3175.2559383979200902 -334.6112986405799461 33168.984596999987843 0.034843848947457262133 -364.08261170057994605 29.47131305999999995 32.129999999999995453 32.129999999999995453 32.129999999999995453 90 90 90
# Fix print output for fix data1
0 4000 -2980.9510895193379838 -3095.6251013730866362 -3449.1916243012760788 -3175.2559383979000813 -334.61129864057977557 33168.984596999987843 0.034843848947457262133 -364.08261170057977552 29.47131305999999995 32.129999999999995453 32.129999999999995453 32.129999999999995453 90 90 90
# Fix print output for fix data1
0 4000 -2980.9510895193634497 -3095.6251013731148305 -3449.1916243013024541 -3175.2559383979264567 -334.61129864057937766 33168.984596999987843 0.034843848947457262133 -364.08261170057937761 29.47131305999999995 32.129999999999995453 32.129999999999995453 32.129999999999995453 90 90 90
# Fix print output for fix data1
0 4000 -2980.9510895193379838 -3095.6251013730866362 -3449.1916243012760788 -3175.2559383979000813 -334.61129864057977557 33168.984596999987843 0.034843848947457262133 -364.08261170057977552 29.47131305999999995 32.129999999999995453 32.129999999999995453 32.129999999999995453 90 90 90
# Fix print output for fix data1
0 3999.9999999999990905 22442.263971651173051 34571.25164375280292 33063.515160317219852 30025.676925240408309 -24026.001494544310845 33168.984596999987843 1.8022680490064098002 -25576.606193964311387 1550.6046994199996334 32.129999999999995453 32.129999999999995453 32.129999999999995453 90 90 90
# Fix print output for fix data1
0 4000.000000000003638 22442.26397165311937 34571.251643754898396 33063.515160319118877 30025.676925242434663 -24026.001494544223533 33168.984596999987843 1.8022680490064098002 -25576.606193964224076 1550.6046994200014524 32.129999999999995453 32.129999999999995453 32.129999999999995453 90 90 90
# Fix print output for fix data1
0 4000.000000000003638 22442.26397165311937 34571.251643754898396 33063.515160319118877 30025.676925242434663 -24026.001494544223533 33168.984596999987843 1.8022680490064098002 -25576.606193964224076 1550.6046994200014524 32.129999999999995453 32.129999999999995453 32.129999999999995453 90 90 90
# Fix print output for fix data1
0 3999.9999999999990905 22442.263971651398606 34571.251643752984819 33063.515160317430855 30025.676925240608398 -24026.001494544307207 33168.984596999987843 1.8022680490064098002 -25576.606193964307749 1550.6046994199996334 32.129999999999995453 32.129999999999995453 32.129999999999995453 90 90 90
# Fix print output for fix data1
0 4000.0000000000004547 13007.057480376775857 24612.016145481029525 24546.538478156591736 20721.870701338135405 -19826.187584901254013 33168.984596999987843 1.5018900408386748335 -21118.271994321254169 1292.0844094200003838 32.129999999999995453 32.129999999999995453 32.129999999999995453 90 90 90
# Fix print output for fix data1
0 4000.0000000000013642 11299.490141543888967 22641.239428735414549 22574.689681826264859 18838.473084035191278 -18984.701383462252124 33168.984596999987843 1.4418144392051279734 -20225.081734882252931 1240.3803514200003519 32.129999999999995453 32.129999999999995453 32.129999999999995453 90 90 90
# Fix print output for fix data1
0 3999.9999999999899956 11299.490141545271399 22641.23942873697888 22574.68968182782919 18838.473084036650107 -18984.701383462201193 33168.984596999987843 1.4418144392051279734 -20225.081734882198361 1240.3803514199969413 32.129999999999995453 32.129999999999995453 32.129999999999995453 90 90 90
# Fix print output for fix data1
0 4000.0000000000013642 11299.490141543665231 22641.239428735185356 22574.689681826028391 18838.473084034965723 -18984.701383462255762 33168.984596999987843 1.4418144392051279734 -20225.081734882256569 1240.3803514200003519 32.129999999999995453 32.129999999999995453 32.129999999999995453 90 90 90
# Fix print output for fix data1
0 3999.999999999996362 108412.6440007971687 109352.4013169300888 108417.90508688181581 108727.65013486954558 -49001.946513728857099 33168.984596999987843 3.5036090872684608755 -52016.810135708852613 3014.8636219799973333 32.129999999999995453 32.129999999999995453 32.129999999999995453 90 90 90
# Fix print output for fix data1
0 3999.9999999999899956 11299.490141545271399 22641.23942873697888 22574.68968182782919 18838.473084036650107 -18984.701383462201193 33168.984596999987843 1.4418144392051279734 -20225.081734882198361 1240.3803514199969413 32.129999999999995453 32.129999999999995453 32.129999999999995453 90 90 90
# Fix print output for fix data1
0 3999.9999999999899956 11299.490141545271399 22641.23942873697888 22574.68968182782919 18838.473084036650107 -18984.701383462201193 33168.984596999987843 1.4418144392051279734 -20225.081734882198361 1240.3803514199969413 32.129999999999995453 32.129999999999995453 32.129999999999995453 90 90 90
